      0



   792 



  1792 



  2792 



  3792 



  4792 



  5792 



  6792 



  7792 



  8792 



  9792 



 10792 



 11792 



 12792 



 13792 



 14792 



 15792 



 16792 



 17792 



 18792 



 19792 



 20792 



 21792 



 22792 



 23792 



 24792 



 25792 



 26792 



 27792 



 28792 



 29792 



 30792 



 31792 



 32792 



 33792 



 34792 



 35792 



 36792 



 37792 



 38792 



 39792 



 40792 



 41792 



 42792 



 43792 



 44792 



 45792 



 46792 



 47792 



 48792 



 49792 



 50792 



 51792 



 52792 



 53792 



 54792 



 55792 



 56792 



 57792 



 58792 



 59792 



 60792 



 61792 



 62792 



 63792 



 64792 



 65792 



 66792 



 67792 



 68792 



 69792 



 70792 



 71792 



 72792 



 73792 



 74792 



 75792 



 76792 



 77792 



 78792 



 79792 



 80792 



 81792 



 82792 



 83792 



 84792 



 85792 



 86792 



 87792 



 88792 



 89792 



 90792 



 91792 



 92792 



 93792 



 94792 



  95792



 96792 



 97792 



 98792 



 99792 



100792 



101792 



102792 



103792 



104792 



105792 



106792 



107792 



108792 



109792 



110792 



111792 



112792 



113792 



114792 



115792 



116792 



117792 



118792 



119792 



120792 



121792 



122792 



123792 



124792 



125792 



126792 



127792 



128792 



129792 



130792 



131792 



132792 



133792 



134792 



135792 



136792 



137792 



138792 



139792 



140792 



141792 



142792 



143792 



144792 



145792 



146792 



147792 



148792 



149792 



150792 



151792 



152792 



153792 



154792 



155792 



156792 



157792 



158792 



159792 



160792 



161792 



162792 



163792 



164792 



165792 



166792 



167792 



168792 



169792 



170792 



171792 



172792 



173792 



174792 



175792 



176792 



177792 



178792 



179792 



180792 



181792 



182792 



183792 



184792 



185792 



186792 



187792 



188792 



189792 



190792 



191792 



192792 



193792 



194792 



195792 



196792 



197792 



198792 



199792 



200792 



201792 



202792 



203792 



204792 



205792 



206792 



207792 



208792 



209792 



210792 



211792 



212792 



213792 



214792 



215792 



216792 



217792 



218792 



219792 



220792 



221792 



222792 



223792 



224792 



225792 



226792 



227792 



228792 



229792 



230792 



231792 



232792 



233792 



234792 



235792 



236792 



237792 



238792 



239792 



240792 



241792 



242792 



243792 



244792 



245792 



246792 



247792 



248792 



249792 



250792 



251792 



252792 



253792 



254792 



255792 



256792 



257792 



258792 



259792 



260792 



261792 



262792 



263792 



264792 



265792 



266792 



267792 



268792 



269792 



270792 



271792 



272792 



273792 



274792 



275792 



276792 



277792 



278792 



279792 



280792 



281792 



282792 



283792 



284792 



285792 



286792 



287792 



288792 



289792 



290792 

