1.2726956e-29 



   14.150631  



   51.345624  



   93.334894  



   129.37432  



   152.89409  



   170.18589  



   189.19065  



   207.06642  



   214.58061  



   231.27007  



    257.1545  



   267.39421  



   270.87922  



   271.73494  



   265.60978  



   265.64798  



   261.84628  



   256.60849  



   253.57961  



   254.95093  



   257.13025  



   257.71053  



   258.67434  



    254.8082  



   258.57137  



   259.62309  



    265.4026  



   269.25621  



   273.14493  



    278.2035  



   279.56767  



   282.83961  



   284.65287  



   282.80388  



   284.51437  



   287.42415  



   288.51952  



   290.36863  



   287.77818  



   287.87371  



   294.11753  



   298.18432  



   295.27884  



    295.5134  



   299.71202  



   295.50221  



   299.08319  



   299.56955  



    302.0258  



   309.49195  



   316.47561  



   319.76089  



   318.09871  



   321.03437  



    328.2081  



   330.15251  



   326.70967  



   330.29741  



    331.6514  



   335.75879  



   338.46542  



   349.37094  



   357.11907  



   358.00087  



   360.86155  



   359.57882  



   363.49297  



   375.53513  



   374.29071  



   369.12489  



   372.32993  



   370.24326  



   376.91643  



   378.53061  



    377.6507  



    381.6164  



   380.19482  



   383.33981  



   379.02339  



   387.26919  



   387.66304  



   386.44505  



   384.38883  



   393.08292  



   390.42859  



   394.14518  



    403.7159  



   392.44803  



   392.66244  



   400.84626  



   399.60307  



   407.86809  



   401.10738  



    410.8712  



   411.07908  



    412.87077 



    411.4901  



   407.27977  



    413.7309  



   417.61596  



   419.70026  



   424.48955  



   424.40113  



   432.65974  



    435.1685  



   434.37913  



   432.34344  



   439.62008  



   439.69167  



   442.18498  



   438.21317  



   439.59956  



   446.46722  



   440.33476  



   442.96076  



   450.52414  



    442.1278  



    445.5634  



   444.73851  



   447.76568  



   451.16384  



   460.96494  



    457.4245  



   462.91487  



   456.18245  



   461.27216  



   453.97784  



   449.03756  



   457.00954  



   461.77676  



   463.66423  



   472.90372  



   471.37959  



   470.12475  



   474.78015  



   476.39474  



   480.83763  



   478.17396  



   479.85016  



   489.76959  



   484.17208  



   486.19241  



    497.6279  



   489.56702  



   494.31338  



   494.86426  



   494.80993  



    502.3167  



   510.75317  



   517.70277  



   503.35568  



   515.55113  



   514.44097  



   508.99996  



   530.64105  



   527.28268  



   527.86641  



   533.71974  



   530.70652  



   539.19644  



   540.25238  



   542.08421  



   548.28304  



   542.92083  



   545.56251  



   559.88714  



   557.10508  



   560.03552  



   563.63298  



   559.34443  



   561.40139  



   573.74244  



    571.2848  



   570.87381  



   574.43481  



   576.17168  



    573.4974  



   578.47028  



   587.39581  



    567.9735  



   567.18084  



   567.28437  



   579.37839  



   588.72001  



   573.79732  



   585.81745  



   595.85563  



   578.85047  



   582.48706  



   587.43383  



    578.4444  



   587.99111  



   596.08067  



   598.05994  



   583.58826  



   590.78549  



   595.39735  



   591.70334  



   608.43963  



   593.16808  



   606.17182  



   609.01202  



   597.45035  



   617.26938  



    609.3722  



   617.60642  



   610.60344  



   616.65792  



   617.05353  



   626.84627  



   636.20904  



   629.06219  



   638.40463  



   635.15948  



   631.13055  



   633.72809  



   628.56911  



   639.15697  



   643.04494  



   642.35947  



   641.62835  



   635.61373  



   643.28717  



    645.4972  



   641.77031  



   630.72327  



   637.04694  



   624.86959  



    636.5646  



   627.85707  



   646.80742  



   654.53794  



   660.02235  



   659.07899  



   657.75959  



   651.13401  



   663.97663  



   673.56596  



   675.44613  



   675.86618  



   683.12214  



   681.17729  



   684.24738  



   680.27463  



   692.19404  



    691.6147  



    696.2839  



    702.9268  



   694.23572  



    687.6861  



   700.99386  



   699.42376  



   717.05643  



   721.74962  



   712.32368  



    707.9877  



   696.13479  



   718.38295  



   713.47851  



   727.80004  



   717.24572  



   716.24616  



   731.82822  



   723.13447  



   728.76464  



   736.84119  



   745.24798  



    748.9247  



   745.98442  



   766.95089  



   765.17338  



   753.12159  



   772.88224  



   774.76707  



   784.65684  



   773.49997  



    779.7793  



   774.45472  



   765.27955  



   781.66636  



   787.22121  



   795.76266  



   786.57948  



   801.24482  



   788.14393  



   785.81624  



   789.90471  



   783.66301  



   803.94127  



   784.55053  



   792.92815  

